20 0.000515
20 0.000616
12 0.000340
12 0.000328
20 0.000253
20 0.000552
20 0.000280
20 0.000623
20 0.000762
20 0.000363
20 0.000317
20 0.000344
20 0.000349
20 2.469316
20 2.485309
20 0.000346
20 2.461467
20 2.457713
20 2.479266
20 2.508643
12 0.000335
12 0.000221
20 0.000381
20 0.000857
20 0.000718
20 0.000301
20 0.000324
20 0.000598
20 0.000692
20 0.000325
20 0.000364
20 0.000609
15 0.099076
10 0.000214
15 0.001425
10 0.000254
10 0.000246
10 0.000223
10 0.000351
10 0.000199
10 0.000913
10 0.000914
10 0.000173
10 0.001205
10 0.000477
10 0.000314
10 0.000306
10 0.000857
10 0.000679
10 0.000817
10 0.000593
10 0.001939
10 0.001404
10 0.008957
10 0.009105
10 0.001585
10 0.002067
10 0.001127
